Date,Open,High,Low,Close,Adj Close,Volume,ADX,RSI,EMA_20,EMA_50,Upper_BBand,Middle_BBand,Lower_BBand,MACD,MACD_Signal,MACD_Hist,ATR,CCI,Williams_%R,MFI,OBV,Ticker,Corresponding ETF,Sector,SP,Market Cap
2024-02-23,14.930000305175781,14.979999542236328,14.239999771118164,14.539999961853027,14.539999961853027,3416300,17.492241549343195,66.1539994821018,13.152324876703055,13.474800052642822,14.219355890930276,13.11650013923645,12.013644387542625,-0.0832753616050752,-0.1884195354345437,0.1051441738294685,0.6044790199041898,332.57559532554825,-5.0193109903450575,48.02067147583761,4524900.0,OUT,XLRE,Real Estate,0.0,2397052672
2024-02-26,14.420000076293945,14.90999984741211,14.40999984741211,14.760000228881836,14.760000228881836,2753600,18.974525100016628,63.71391388017843,13.2844844086221,13.516572598102046,14.40995943955339,13.161500120162964,11.913040800772539,0.035957670077293,-0.14354409433217635,0.17950176440946936,0.6141590735623309,226.98766754805172,-16.23615236272012,54.94262258158261,1108600.0,OUT,XLRE,Real Estate,0.0,2397052672
2024-02-27,14.960000038146973,14.979999542236328,14.5600004196167,14.6899995803833,14.6899995803833,1929000,20.350931254213386,65.30948073828552,13.425009724837313,13.565334465975763,14.626472414399924,13.213500118255615,11.800527822111306,0.1465139678241556,-0.08553248190090997,0.23204644972506555,0.6060048540221644,167.8058971947933,-8.118058585887022,59.68247581930719,3862200.0,OUT,XLRE,Real Estate,0.0,2397052672
2024-02-28,14.489999771118164,14.649999618530273,14.229999542236328,14.319999694824219,14.319999694824219,2890300,21.701174579935678,64.34004334385153,13.545484949175027,13.609438980266255,14.775983715725987,13.25150008201599,11.727016448305994,0.22587837765644103,-0.023250309989439766,0.2491286876458808,0.5927187303505548,128.78205235187818,-10.701109218620234,60.52323760662991,1933200.0,OUT,XLRE,Real Estate,0.0,2397052672
2024-02-29,14.180000305175781,14.680000305175781,14.15999984741211,14.369999885559082,14.369999885559082,3366400,22.192301639711236,59.32722696980283,13.619248258284474,13.63730410632735,14.882590913623329,13.291500043869018,11.700409174114707,0.25596869787751864,0.03259349158395192,0.22337520629356672,0.5832388237645846,79.65094157877753,-24.354246139553215,57.84240270954002,-957100.0,OUT,XLRE,Real Estate,0.0,2397052672
2024-03-01,14.4399995803833,15.029999732971191,14.239999771118164,14.779999732971191,14.779999732971191,2883800,22.49025398905341,59.78322445644578,13.690748413263007,13.66603727414036,15.011644909940928,13.35900001525879,11.706355120576651,0.2806153320936495,0.08219785968589144,0.1984174724077581,0.5787217976216622,67.17285288742718,-22.50922002787123,59.75816817993997,2409300.0,OUT,XLRE,Real Estate,0.0,2397052672
2024-03-04,14.789999961853027,15.380000114440918,14.789999961853027,15.359999656677246,15.359999656677246,1961800,23.213097498453127,63.40618095447511,13.794486634187596,13.70972207644745,15.197223052291811,13.432999992370606,11.6687769324494,0.3294340181580395,0.13164509138032104,0.19778892677771848,0.5938130950667597,75.98991617963367,-9.057973393170654,63.72941751582085,5293100.0,OUT,XLRE,Real Estate,0.0,2397052672
2024-03-05,15.199999809265137,15.579999923706055,15.170000076293945,15.34000015258789,15.34000015258789,2440000,24.28723678361223,67.82229126399427,13.943583112519944,13.774438844299599,15.490760713085301,13.548999977111816,11.60723924113833,0.41019584282711286,0.1873552416696794,0.22284060115743345,0.5942550440955431,96.73227491371622,-0.6431016068034091,64.5469888615164,7254900.0,OUT,XLRE,Real Estate,0.0,2397052672
2024-03-06,15.569999694824219,15.59000015258789,15.210000038146973,15.399999618530273,15.399999618530273,2589200,25.500721130567474,67.51971229839407,14.076575211574035,13.835833405408945,15.73125479491603,13.679500007629395,11.62774522034276,0.46720077814957683,0.24332434896565888,0.22387642918391795,0.5810939586181549,98.8449601503454,-7.250749542034571,69.08992781715101,4814900.0,OUT,XLRE,Real Estate,0.0,2397052672
2024-03-07,15.5,16.1200008392334,15.40999984741211,16.110000610351562,16.110000610351562,3035200,26.638563724329938,67.98122517982178,14.202615631284154,13.8971732569039,15.94450877083424,13.814499998092652,11.684491225351064,0.5113248213047488,0.29692444343347685,0.21440037787127192,0.5667301126054951,94.9162188955596,-5.722908178389968,70.07783944666745,7404100.0,OUT,XLRE,Real Estate,0.0,2397052672
2024-03-08,16.270000457763672,16.40999984741211,15.829999923706055,15.989999771118164,15.989999771118164,2366400,28.24132653965877,72.89015906787527,14.384271343576287,13.983950800176357,16.272295238475266,13.98400001525879,11.695704792042312,0.5967061328530399,0.35688078131738943,0.23982535153565043,0.577678048898183,127.78927115274925,-0.2597461789865688,71.24424551892702,10439300.0,OUT,XLRE,Real Estate,0.0,2397052672
2024-03-11,15.779999732971191,16.15999984741211,15.609999656677246,16.059999465942383,16.059999465942383,2122200,29.989445301856552,70.91133073430986,14.537197860485037,14.062619387272115,16.52538985159191,14.14099998474121,11.75661011789051,0.6472275364024203,0.4149501323343956,0.23227740406802466,0.5778438970987452,134.63316804659354,-10.144930874726798,75.89113148421059,8072900.0,OUT,XLRE,Real Estate,1.0,2397052672
2024-03-12,15.989999771118164,16.31999969482422,15.899999618530273,16.299999237060547,16.299999237060547,4203600,31.011176944124134,71.3991011444566,14.682226584814307,14.140948017808203,16.747326671008395,14.301999950408936,11.856673229809477,0.6850180414894513,0.4689637141654067,0.21605432732404461,0.5758550609298965,108.43643460803081,-8.51582507801683,82.0205497160892,10195100.0,OUT,XLRE,Real Estate,1.0,2397052672
2024-03-13,16.229999542236328,16.56999969482422,16.190000534057617,16.200000762939453,16.200000762939453,2769300,32.12466496627785,73.06666001424364,14.83630017074252,14.225616693073,16.99900252422226,14.45199990272522,11.904997281228182,0.7259647945500909,0.5203639302423435,0.20560086430774738,0.5647225620273285,119.38490472180177,-3.9711418788764545,88.88551464608669,14398700.0,OUT,XLRE,Real Estate,1.0,2397052672
2024-03-14,16.170000076293945,16.190000534057617,15.829999923706055,16.06999969482422,16.06999969482422,2109500,33.4070374938376,71.20383480918339,14.966176417618419,14.303043519342273,17.15430980901576,14.624499940872193,12.094690072728625,0.7417953946585953,0.5646502231255939,0.17714517153300147,0.551528033365848,115.20402279125004,-15.352653747346727,87.24504621811724,11629400.0,OUT,XLRE,Real Estate,1.0,2397052672
2024-03-15,15.880000114440918,16.190000534057617,15.800000190734863,15.869999885559082,15.869999885559082,2543300,33.61443135114412,68.74989928832187,15.071302444018972,14.37233591838078,17.240981080670377,14.790499925613403,12.34001877055643,0.7353743221343159,0.5987950429273383,0.13657927920697754,0.5385618052135301,72.83360802802052,-20.74688928038343,81.01488283642925,9519900.0,OUT,XLRE,Real Estate,0.0,2397052672
2024-03-18,15.829999923706055,15.899999618530273,15.6899995803833,15.789999961853027,15.789999961853027,1174200,33.72751036354016,65.03639793023794,15.147368867022792,14.431067838662283,17.29531546166467,14.927999925613403,12.560684389562134,0.706008832413124,0.6202378008244954,0.08577103158862853,0.5279502722213318,55.23966636018942,-29.045637078226623,73.97054885303027,6976600.0,OUT,XLRE,Real Estate,0.0,2397052672
2024-03-19,15.649999618530273,16.030000686645508,15.640000343322754,15.670000076293945,15.670000076293945,1405500,33.53086990236234,63.55755058095981,15.208571828435195,14.484359294473686,17.26030091392989,15.07699990272522,12.89369889152055,0.6685742373511587,0.629905088129828,0.03866914922133069,0.5052395412160205,30.555872847372477,-32.3651361973639,70.23759478002563,5802400.0,OUT,XLRE,Real Estate,0.0,2397052672
2024-03-20,15.59000015258789,16.329999923706055,15.470000267028809,16.149999618530273,16.149999618530273,1328000,33.53678698058767,61.30567951609306,15.252517375850314,14.530855011407814,17.06405764040686,15.238999891281129,13.413942142155399,0.6220534185844926,0.6283347542207609,-0.006281335636268315,0.49700816993793007,20.37500164117728,-37.34438487606982,72.73701748118559,4396900.0,OUT,XLRE,Real Estate,0.0,2397052672
2024-03-21,16.280000686645508,16.389999389648438,16.149999618530273,16.31999969482422,16.31999969482422,940100,33.953756444917644,66.42934592917406,15.337991875153167,14.594350878353794,16.759293754256348,15.424999856948853,14.09070595964136,0.6168071175800662,0.626029226892622,-0.009222109312555737,0.5229361332764526,44.71640449324481,-18.025754937618238,71.3051819531052,5724900.0,OUT,XLRE,Real Estate,0.0,2397052672
2024-03-22,16.290000915527344,16.389999389648438,15.9399995803833,15.9399995803833,15.9399995803833,761600,34.42039191446354,68.04329063420924,15.431516429407553,14.662023380960477,16.85307654167488,15.504499864578246,14.15592318748161,0.61922888649657,0.6246691588134116,-0.005440272316841521,0.5027263931222892,106.64575152639087,-14.044945927193918,69.72869504105495,6665000.0,OUT,XLRE,Real Estate,0.0,2397052672
2024-03-25,16.18000030517578,16.530000686645508,16.149999618530273,16.350000381469727,16.350000381469727,1112600,34.20463402535646,60.985413178472825,15.479943396167148,14.712140094663333,16.859388577151215,15.57449984550476,14.289611113858307,0.5837561449059905,0.6164865560319274,-0.03273041112593689,0.498960208561064,50.18568518411364,-45.000020435883776,66.0286620097718,5903400.0,OUT,XLRE,Real Estate,0.0,2397052672
2024-03-26,16.420000076293945,16.520000457763672,16.229999542236328,16.290000915527344,16.290000915527344,1223500,34.22173796485708,65.18184542370165,15.562805966195965,14.77636990983221,16.92414013633923,15.653999853134156,14.383859569929081,0.58201823582732,0.6095928919910059,-0.027574656163685818,0.5054631298254313,122.5087479585913,-16.17642418322332,64.58815706649601,7016000.0,OUT,XLRE,Real Estate,0.0,2397052672
2024-03-27,16.510000228881836,16.850000381469727,16.510000228881836,16.75,16.75,1906800,34.23762019439336,64.09535199674227,15.63206262803705,14.835727988486921,16.951660160433082,15.733999919891357,14.516339679349631,0.5692376575186859,0.6015218450965418,-0.032284187577855894,0.49007297166128216,113.00116459256452,-24.137828976575783,62.9716093026654,5792500.0,OUT,XLRE,Real Estate,0.0,2397052672
2024-03-28,16.719999313354492,17.020000457763672,16.670000076293945,16.790000915527344,16.790000915527344,1601700,34.758974081763796,68.43891954319247,15.738532853938283,14.910797479134493,16.96465247282146,15.855499935150146,14.746347397478834,0.5894324287445709,0.5991039618261477,-0.009671533081576755,0.49506772125278936,192.1428035809379,-7.246403853396774,61.52678088770608,7699300.0,OUT,XLRE,Real Estate,0.0,2397052672
2024-04-01,16.780000686645508,16.790000915527344,16.40999984741211,16.440000534057617,16.440000534057617,997600,35.479543198396684,68.79247124576803,15.838672669327718,14.984491731542056,16.927799959827595,15.976499986648559,15.025200013469522,0.6017283205021364,0.5996288335613454,0.0020994869407909844,0.48470576841114205,174.03316914075165,-14.838678318309375,60.48054156751863,9301000.0,OUT,XLRE,Real Estate,0.0,2397052672
2024-04-02,16.110000610351562,16.270000457763672,15.859999656677246,16.190000534057617,16.190000534057617,1300900,35.266054033895564,62.22430146761635,15.895941989778184,15.041570508111294,16.85577861642756,16.05950002670288,15.263221436978203,0.5765842927818206,0.5950199254054405,-0.018435632623619913,0.47722686124714864,83.59792807335246,-37.419345311891455,63.16376723863502,8303400.0,OUT,XLRE,Real Estate,0.0,2397052672
2024-04-03,16.079999923706055,16.40999984741211,16.059999465942383,16.3700008392334,16.3700008392334,1207800,33.52795061747171,57.9669447165036,15.923947565423845,15.086606979717033,16.830874375394483,16.1010000705719,15.371125765749314,0.5303707748495885,0.58209009529427,-0.05171932044468153,0.48456786239952165,-29.636379842171227,-53.54837558520217,52.02155931487794,7002500.0,OUT,XLRE,Real Estate,0.0,2397052672
2024-04-04,16.690000534057617,16.760000228881836,16.229999542236328,16.34000015258789,16.34000015258789,1442300,32.18564883203673,60.08452197816868,15.966428829596182,15.136936150678459,16.80115686650403,16.152500104904174,15.503843343304318,0.5024784899896417,0.5661677742333444,-0.06368928424370268,0.47495589947596484,15.755312887706246,-41.9354540996608,48.16954820797414,8210300.0,OUT,XLRE,Real Estate,0.0,2397052672
2024-04-05,16.25,16.43000030517578,16.139999389648438,16.25,16.25,1253600,31.567179841356694,59.54607360075451,16.002007050833488,15.184115131145495,16.752401064420745,16.199500131607056,15.646599198793366,0.4725060924895903,0.5474354378845936,-0.07492934539500329,0.4788876699880751,50.82195801844495,-43.870982032162814,57.451687386393445,6768000.0,OUT,XLRE,Real Estate,0.0,2397052672
2024-04-08,16.450000762939453,16.5,16.170000076293945,16.3700008392334,16.3700008392334,1066600,30.747949405178044,57.87060527795447,16.025625426944583,15.22591453776724,16.758235053485805,16.20650010108948,15.65476514869315,0.43645926070915664,0.5252402024495062,-0.08878094174034956,0.4653957589551657,0.4845482485782596,-49.6774427749335,61.4797222969544,5514400.0,OUT,XLRE,Real Estate,0.0,2397052672
2024-04-09,16.399999618530273,16.510000228881836,16.280000686645508,16.399999618530273,16.399999618530273,1306000,30.11692544305678,59.50664039925033,16.058423085257804,15.270780667236501,16.77225372721101,16.22550015449524,15.678746581779471,0.4128162627492653,0.502755414509458,-0.08993915176019274,0.45572462786594353,12.011342756520355,-41.9354540996608,67.80051544726923,6581000.0,OUT,XLRE,Real Estate,0.0,2397052672
2024-04-10,15.760000228881836,15.930000305175781,15.510000228881836,15.859999656677246,15.859999656677246,1697200,29.5504061412872,59.92560598378245,16.090954183664707,15.315063763365668,16.788755949505607,16.242500162124635,15.696244374743664,0.39198115257931043,0.4806005621234285,-0.08861940954411807,0.43960140746382814,16.952006218085625,-40.000049221894145,75.47285951451641,7887000.0,OUT,XLRE,Real Estate,0.0,2397052672
2024-04-11,15.930000305175781,16.149999618530273,15.75,16.0,16.0,1935600,27.811127825074095,49.91423051530601,16.068958514427806,15.336433798397495,16.790640067300462,16.220500183105468,15.650360298910476,0.3281134065994262,0.45010313101862803,-0.1219897244192018,0.4717726919055859,-216.51225173642223,-76.82123346070041,66.75557493797227,6189800.0,OUT,XLRE,Real Estate,0.0,2397052672
2024-04-12,15.880000114440918,15.90999984741211,15.300000190734863,15.630000114440918,15.630000114440918,1813600,25.937942451192125,52.146345091113155,16.062391036863254,15.362456002381908,16.788686538262972,16.210500144958495,15.632313751654015,0.2855035087138731,0.41718320655767704,-0.13167969784380396,0.4666460438073493,-115.25631540800663,-67.54968895064262,68.44425910784778,8125400.0,OUT,XLRE,Real Estate,0.0,2397052672
2024-04-15,15.84000015258789,15.920000076293945,15.109999656677246,15.239999771118164,15.239999771118164,1501300,24.874802702373447,46.27658191900812,16.021210949013508,15.372947928345006,16.81763567668699,16.18850016593933,15.559364655191674,0.2193504239587849,0.3776166500378986,-0.15826622607911373,0.48331416991147697,-184.8262322957164,-80.81396090268588,65.04122590645875,6311800.0,OUT,XLRE,Real Estate,0.0,2397052672
2024-04-16,15.100000381469727,15.3100004196167,14.779999732971191,15.130000114440918,15.130000114440918,2099000,24.227815658058727,41.03353525504026,15.946809884452046,15.367734275120425,16.899620253883086,16.157000160217287,15.414380066551487,0.13391022562111488,0.32887536515454185,-0.19496513953342698,0.5066489020332786,-167.69420231040547,-93.19371414048764,58.51214233725644,4810500.0,OUT,XLRE,Real Estate,0.0,2397052672
2024-04-17,15.279999732971191,15.390000343322754,14.84000015258789,14.859999656677246,14.859999656677246,1214100,24.174483721789265,39.66839248097809,15.86901847778432,15.358411366858483,16.97906542571622,16.12400016784668,15.26893490997714,0.05666895544360351,0.2744340832123542,-0.21776512776875068,0.5083168866484379,-175.02965476231165,-84.37498802585648,50.618992815225795,2711500.0,OUT,XLRE,Real Estate,0.0,2397052672
2024-04-18,14.970000267028809,15.119999885559082,14.8100004196167,14.869999885559082,14.869999885559082,1017900,23.920188151965146,36.461858852025046,15.772921447202693,15.338865809596474,17.084945018158894,16.083500146865845,15.082055275572797,-0.026032007342644548,0.21434086510135444,-0.240372872443999,0.5112942655117539,-143.92980189865474,-96.42857599014991,42.96257576404057,1497400.0,OUT,XLRE,Real Estate,0.0,2397052672
2024-04-19,14.800000190734863,15.039999961853027,14.720000267028809,14.829999923706055,14.829999923706055,1047400,23.736727808575388,36.66605983479728,15.68692891752235,15.320478910614614,17.150932870530777,16.019500160217284,14.88806744990379,-0.08973180884736287,0.15352633031161098,-0.24325813915897385,0.49691606554251316,-129.1924202376121,-95.52238310260913,35.99405729230982,2515300.0,OUT,XLRE,Real Estate,0.0,2397052672
2024-04-22,14.970000267028809,15.199999809265137,14.819999694824219,15.109999656677246,15.109999656677246,1153000,23.730049557597244,36.16539071640471,15.605316632396988,15.301244440539769,17.179042777595228,15.945000171661377,14.710957565727526,-0.14180735617013518,0.09445959301526173,-0.23626694918539692,0.48427918191977787,-116.04427316012422,-94.60785986597135,36.10192238084446,1467900.0,OUT,XLRE,Real Estate,0.0,2397052672
2024-04-23,15.199999809265137,15.640000343322754,15.199999809265137,15.420000076293945,15.420000076293945,1170900,23.257234107631298,42.123040788199724,15.558143587090346,15.29374464509418,17.190128453320426,15.903500175476074,14.616871897631723,-0.15865508712708198,0.04383665698679298,-0.20249174411387497,0.4768306770998593,-78.70703039214473,-80.88238250288089,42.121841750193624,2620900.0,OUT,XLRE,Real Estate,0.0,2397052672
2024-04-24,15.329999923706055,15.630000114440918,15.180000305175781,15.449999809265137,15.449999809265137,1243700,21.686396888807,47.918545205982014,15.544987062252593,15.298695838474563,17.142941567149826,15.857000160217286,14.571058753284747,-0.14531746295438985,0.006005832998556413,-0.15132329595294627,0.4806285349245485,-25.76414325431072,-65.6862832179029,41.81988195218815,3791800.0,OUT,XLRE,Real Estate,0.0,2397052672
2024-04-25,15.210000038146973,15.420000076293945,15.020000457763672,15.34000015258789,15.34000015258789,1979300,20.274162964814945,48.45644293721942,15.535940657206169,15.304629327525173,17.096491895667448,15.815000104904176,14.533508314140903,-0.13081857685039644,-0.02135904897123416,-0.10945952787916227,0.4784407688060191,-18.061059505686277,-59.21790179924783,36.968918280711506,5035500.0,OUT,XLRE,Real Estate,0.0,2397052672
2024-04-26,15.390000343322754,15.770000457763672,15.300000190734863,15.729999542236328,15.729999542236328,1724200,19.338637357116102,46.5576975815599,15.517279656766332,15.306016418704104,16.966228496533486,15.744500112533569,14.52277172853365,-0.12674314209530557,-0.04243586759604844,-0.08430727449925712,0.47498066756997953,-35.37494087145396,-65.36313414681577,35.73716011526831,3056200.0,OUT,XLRE,Real Estate,0.0,2397052672
2024-04-29,15.899999618530273,16.020000457763672,15.800000190734863,16.0,16.0,922000,18.303585007155082,53.512832516210004,15.53753869347776,15.32264320786223,16.815249073969976,15.691500043869018,14.567751013768062,-0.09099470894377326,-0.05214763586559341,-0.038847073078179854,0.4746249246741816,37.755109289018954,-43.57545828314112,37.73930607213062,4780400.0,OUT,XLRE,Real Estate,0.0,2397052672
2024-04-30,15.880000114440918,16.149999618530273,15.75,15.859999656677246,15.859999656677246,2036500,17.882434136771415,57.62452163073266,15.58158262743226,15.349206219318614,16.750175604832084,15.669500017166138,14.588824429500194,-0.04041120247702423,-0.049800349187879574,0.00938914671085534,0.46143749544940743,124.4515710236951,-10.48948857024148,36.33108179818961,5702400.0,OUT,XLRE,Real Estate,0.0,2397052672
2024-05-01,15.819999694824219,16.75,15.789999961853027,16.290000915527344,16.290000915527344,1927900,17.757866283877842,54.91241349831849,15.608098534979401,15.369237334509148,16.711227068442778,15.652999973297119,14.59477287815146,-0.011487842148742544,-0.04213784778005217,0.030650005631309624,0.4570490756694693,113.96182798103553,-20.27972680886424,35.65141320928507,3665900.0,OUT,XLRE,Real Estate,0.0,2397052672
2024-05-02,16.559999465942383,16.56999969482422,15.600000381469727,16.040000915527344,16.040000915527344,2906900,18.68881545130082,60.98600285515856,15.67304161884111,15.405345710235352,16.696910553808227,15.648999977111817,14.601089400415406,0.04560592054833812,-0.02458909411437411,0.07019501466271223,0.49297414441786236,175.5338805786751,-22.660056403031277,35.752185411398884,5593800.0,OUT,XLRE,Real Estate,0.0,2397052672
2024-05-03,14.649999618530273,15.640000343322754,14.529999732971191,15.09000015258789,15.09000015258789,3480700,19.027911587481487,56.242410829468945,15.707990123287418,15.430234149658567,16.65002003454812,15.634000015258788,14.617979995969455,0.06987475547570021,-0.005696324196359244,0.07557107967205945,0.5270473707704788,113.09460869378849,-34.97532895895864,33.70645023982042,2686900.0,OUT,XLRE,Real Estate,0.0,2397052672
2024-05-06,15.390000343322754,15.430000305175781,14.649999618530273,14.970000267028809,14.970000267028809,2302300,18.237038638166684,42.662614505515364,15.649133935601748,15.41689163996952,16.57706778134092,15.576000022888184,14.574932264435452,0.012308969780020718,-0.0020952654010832515,0.01440423518110397,0.5972583573265984,-58.60733879317667,-74.77475890729556,30.886335969609053,-793800.0,OUT,XLRE,Real Estate,0.0,2397052672
2024-05-07,15.09000015258789,15.380000114440918,15.029999732971191,15.119999885559082,15.119999885559082,1350900,17.502656613802937,41.30591660519361,15.584454538594802,15.399366488089493,16.470311314620567,15.505999994277953,14.54168867393534,-0.04250534287264607,-0.010177280895395815,-0.03232806197725025,0.6103113808493775,-69.540224890161,-80.18015850752565,30.630216610634747,-3096100.0,OUT,XLRE,Real Estate,0.0,2397052672
2024-05-08,14.90999984741211,15.020000457763672,14.649999618530273,14.699999809265137,14.699999809265137,2263400,16.820730448322315,43.71537519900214,15.54022076211521,15.388410935049084,16.327135297023265,15.442000007629394,14.556864718235524,-0.07300085651693422,-0.0227419960197035,-0.05025886049723072,0.5960034141752869,-44.62387058551009,-73.42341974681239,36.194217338822874,-1745200.0,OUT,XLRE,Real Estate,0.0,2397052672
2024-05-09,14.760000228881836,15.199999809265137,14.720000267028809,15.170000076293945,15.170000076293945,2481400,16.853979469262974,38.90011336064775,15.460199718986631,15.361414420312459,16.303334884402823,15.384000015258788,14.464665146114756,-0.12956571395950434,-0.04410673960766367,-0.08545897435184066,0.5870031893791099,-108.70955645740709,-92.34233982676638,34.42725725328413,-4008600.0,OUT,XLRE,Real Estate,0.0,2397052672
2024-05-10,15.3100004196167,15.350000381469727,14.90999984741211,15.100000381469727,15.100000381469727,1036100,16.472942251341806,46.060348031037066,15.432561657777804,15.353907975448987,16.22088239675736,15.342500019073487,14.464117641389613,-0.13491347881438287,-0.06226808744900751,-0.07264539136537536,0.5807886758520306,-70.9259342198916,-71.17115917380885,41.954994092871516,-1527200.0,OUT,XLRE,Real Estate,0.0,2397052672
2024-05-13,15.3100004196167,15.359999656677246,15.010000228881836,15.050000190734863,15.050000190734863,1928300,15.782485425477134,45.21056220188887,15.400889155272273,15.343950814900781,16.190057558069775,15.316000032424927,14.44194250678008,-0.14314986877139546,-0.0784444437134851,-0.06470542505791035,0.5707323800095725,-56.604207304732306,-74.32429820103538,41.707866782911815,-2563300.0,OUT,XLRE,Real Estate,0.0,2397052672
2024-05-14,15.300000190734863,15.529999732971191,15.109999656677246,15.350000381469727,15.350000381469727,1619700,15.118271335042865,44.57791409877745,15.367471158649662,15.332423339443293,16.18775571151139,15.306500053405761,14.425244395300131,-0.15196016251404387,-0.09314758747359686,-0.05881257504044701,0.5549657405657038,-47.614054964204236,-76.57655877403893,43.30904080583436,-4491600.0,OUT,XLRE,Real Estate,0.0,2397052672
2024-05-15,15.680000305175781,15.720000267028809,15.180000305175781,15.3100004196167,15.3100004196167,1535400,14.102389629875509,49.17355989390609,15.365807275108716,15.333112635209035,16.195153497096143,15.317500066757201,14.439846636418258,-0.1331994354160262,-0.10115795706208272,-0.03204147835394347,0.5496110121136055,-13.774225080120496,-63.06303829431503,46.579863049592454,-2871900.0,OUT,XLRE,Real Estate,0.0,2397052672
2024-05-16,15.239999771118164,15.329999923706055,15.0,15.0600004196167,15.0600004196167,1401600,13.45921361541867,48.594960934342005,15.360492336490429,15.332206273813258,16.19229140535026,15.340000104904174,14.487708804458087,-0.12017379791820737,-0.10496112523330765,-0.015212672684899717,0.5489245085235642,-3.1280812115038157,-64.86483816105839,52.88060726651555,-4407300.0,OUT,XLRE,Real Estate,0.0,2397052672
2024-05-17,15.100000381469727,15.100000381469727,14.720000267028809,14.90999984741211,14.90999984741211,2294700,12.562692959504313,45.02879582698279,15.33187405869293,15.321531534433001,16.18468836326625,15.349500131607055,14.514311899947861,-0.12854204434677463,-0.10967730905600105,-0.01886473529077358,0.5332870381794564,-45.056598141703134,-76.12609806777874,47.16738666954829,-5808900.0,OUT,XLRE,Real Estate,0.0,2397052672
2024-05-20,14.9399995803833,15.0600004196167,14.65999984741211,14.6899995803833,14.6899995803833,1313500,12.348591163512236,42.99026213902679,15.291695562380472,15.30539303690277,16.179412586339637,15.353500127792358,14.52758766924508,-0.14559935378323452,-0.11686171800144775,-0.02873763578178677,0.5223379721981323,-77.68625278869052,-82.88287978678937,41.7056335626296,-8103600.0,OUT,XLRE,Real Estate,0.0,2397052672
2024-05-21,14.699999809265137,14.899999618530273,14.630000114440918,14.899999618530273,14.899999618530273,1397600,12.27744542182657,40.1213449144339,15.234391183142646,15.281259960176516,16.202302106004826,15.332500123977661,14.462698141950495,-0.1748539696142899,-0.1284601683240162,-0.046393801290273706,0.5135995864843078,-93.94546913525367,-92.79280053302655,42.98009737836792,-9417100.0,OUT,XLRE,Real Estate,0.0,2397052672
2024-05-22,14.789999961853027,14.869999885559082,14.539999961853027,14.640000343322754,14.640000343322754,1549100,12.278054042229927,43.96536228981536,15.202544367465277,15.266308574229605,16.195168527606953,15.306500101089478,14.417831674572005,-0.17902947504724587,-0.1385740296686621,-0.040455445378583754,0.4961995805989541,-101.41323192742196,-81.8627503687307,41.508879191630896,-8019500.0,OUT,XLRE,Real Estate,0.0,2397052672
2024-05-23,14.710000038146973,14.710000038146973,14.1899995803833,14.229999542236328,14.229999542236328,1354500,12.484744741230648,40.498844861622715,15.14896874611837,15.241747467135218,16.19760977411008,15.266000127792358,14.334390481474637,-0.2010013434224156,-0.1510594924194128,-0.0499418510030028,0.4864710146045464,-138.3593721631992,-90.756255379442,44.059808551105355,-9568600.0,OUT,XLRE,Real Estate,0.0,2397052672
2024-05-24,14.359999656677246,14.510000228881836,14.199999809265137,14.270000457763672,14.270000457763672,1117500,13.41043055503223,35.71642243750592,15.061447869558176,15.202071077923497,16.244492244963975,15.21050009727478,14.176507949585584,-0.2486317732227068,-0.1705739485800716,-0.07805782464263519,0.48886597483019817,-186.87319054245117,-97.38562458159896,48.137730613915,-10923100.0,OUT,XLRE,Real Estate,0.0,2397052672
2024-05-28,14.380000114440918,14.510000228881836,14.050000190734863,14.130000114440918,14.130000114440918,821000,14.26999595356227,36.504229742245506,14.986071925577747,15.165519288897622,16.219514823144447,15.137500143051147,14.055485462957847,-0.2799246947823182,-0.1924440978205209,-0.08748059696179727,0.4760898637435197,-155.3106147549183,-94.77118683157123,50.77826427087724,-9805600.0,OUT,XLRE,Real Estate,0.0,2397052672
2024-05-29,14.050000190734863,14.050000190734863,13.770000457763672,13.979999542236328,13.979999542236328,3991200,15.370506957403451,34.89248693023364,14.90454127689805,15.124910693820889,16.134879075648218,15.044000148773193,13.95312122189817,-0.3124200345623773,-0.2164392851688922,-0.09598074939348514,0.47494059048662346,-146.13898273192126,-95.20958562567313,45.91645879661097,-10626600.0,OUT,XLRE,Real Estate,0.0,2397052672
2024-05-30,14.180000305175781,14.510000228881836,14.039999961853027,14.470000267028809,14.470000267028809,2428800,16.906965596229487,33.2010608895559,14.816489683120743,15.08001221728816,16.067104098625222,14.950000143051147,13.83289618747707,-0.34628486169341777,-0.2424084004737973,-0.10387646121962046,0.46673052378595364,-164.80154195007336,-89.23081512752583,43.026780017870806,-14617800.0,OUT,XLRE,Real Estate,0.0,2397052672
2024-05-31,14.579999923706055,14.619999885559082,14.109999656677246,14.449999809265137,14.449999809265137,2735700,16.83355597344324,42.932908826894106,14.783490691111988,15.056090180023087,15.808608864852324,14.859000110626221,13.909391356400118,-0.32978249052553466,-0.25988321848414475,-0.0698992720413899,0.47124982113306463,-73.33452545504738,-64.10257037261282,42.6244335054536,-12189000.0,OUT,XLRE,Real Estate,0.0,2397052672
2024-06-03,14.670000076293945,14.670000076293945,14.289999961853027,14.319999694824219,14.319999694824219,1647400,16.450776193276038,42.65971455381107,14.75172965474562,15.032321930189442,15.573842185626496,14.779500055313111,13.985157924999726,-0.31469055543753655,-0.27084468587482313,-0.04384586956271341,0.474017707400834,-54.7150240763859,-65.12823497363702,46.27189289847477,-14924700.0,OUT,XLRE,Real Estate,0.0,2397052672
2024-06-04,14.210000038146973,14.300000190734863,14.130000114440918,14.229999542236328,14.229999542236328,1643000,15.949890189621035,40.840592683661214,14.710612515705487,15.004387724881001,15.545982309942739,14.741000032424926,13.936017754907114,-0.3096505521138795,-0.2786058591226344,-0.03104469299124507,0.46730216504655425,-41.28664460210299,-71.79490816115435,45.47840951955859,-16572100.0,OUT,XLRE,Real Estate,0.0,2397052672
2024-06-05,14.279999732971191,14.34000015258789,14.15999984741211,14.220000267028809,14.220000267028809,968700,15.867866482769582,39.58216689358728,14.664839851565567,14.97401956085572,15.531197998537607,14.703999996185303,13.876801993832999,-0.3093525496922265,-0.28475519723655285,-0.024597352455673627,0.44749483757060754,-70.58501856607332,-76.41030105300327,38.87775941392622,-18215100.0,OUT,XLRE,Real Estate,0.0,2397052672
2024-06-06,14.149999618530273,14.270000457763672,14.050000190734863,14.220000267028809,14.220000267028809,2019900,15.663009115736227,39.436772754188624,14.622474176847781,14.944450176784075,15.488696651346382,14.659000015258789,13.829303379171195,-0.3063913498092834,-0.28908242775109894,-0.01730892205818446,0.42838808525669136,-60.76782721023409,-71.153848505115,37.1865874289155,-19183800.0,OUT,XLRE,Real Estate,0.0,2397052672
2024-06-07,13.770000457763672,13.869999885559082,13.609999656677246,13.800000190734863,13.800000190734863,1629600,15.748786018023035,39.43677275418863,14.584143328293594,14.916040376401515,15.486058480027975,14.635000038146973,13.783941596265972,-0.3005796820968989,-0.29138187862025894,-0.009197803476639954,0.4135032410975569,-72.78545381395055,-66.16542593391969,36.42619131196744,-19183800.0,OUT,XLRE,Real Estate,0.0,2397052672
